COMPETENCE
CLIENTSTYPE
1 empty
2 B
3 A
4 empty
5 A
6 A
7 empty
8 A
9 empty
10 A
11 empty
12 AB
13 empty
14 B
15 empty
16 AB
17 empty
18 B
19 empty
20 empty
21 A
22 B
23 A
24 B
25 B
26 A
27 B
28 B
29 A
30 A
31 AB
32 A
TRUCKSTYPE
AB 0
A 1 2
B 3 4
EMPTY
COORD
1 82 76
2 96 44
3 50 5
4 49 8
5 13 7
6 29 89
7 58 30
8 84 39
9 14 24
10 2 39
11 3 82
12 5 10
13 98 52
14 84 25
15 61 59
16 1 65
17 88 51
18 91 2
19 19 32
20 93 3
21 50 93
22 98 14
23 5 42
24 42 9
25 61 62
26 9 97
27 80 55
28 57 69
29 23 15
30 20 70
31 85 60
32 98 5
TRUCKS
0 16 19 12 15 13 20 31 
1 8 23 10 5 3 26 
2 29 4 9 30 11 6 21 7 32 17 
3 28 25 14 18 27 2 
4 24 22 
VALUE
1606.13
