BASIC
COORD
1 30 40
2 37 52
3 49 49
4 52 64
5 20 26
6 40 30
7 21 47
8 17 63
9 31 62
10 52 33
11 51 21
12 42 41
13 31 32
14 5 25
15 12 42
16 36 16
17 52 41
18 27 23
19 17 33
20 13 13
21 57 58
22 62 42
23 42 57
24 16 57
25 8 52
26 7 38
27 27 68
28 30 48
29 43 67
30 58 48
31 58 27
32 37 69
33 38 46
34 46 10
35 61 33
36 62 63
37 63 69
38 32 22
39 45 35
40 59 15
TRUCKS
0 9 32 29 2 33 
1 13 16 34 11 40 39 6 38 
2 4 21 30 22 35 31 
3 20 18 10 17 27 8 24 15 26 
4 7 12 3 36 37 23 28 
5 25 14 5 19 
VALUE
782.544
