BASIC
COORD
1 40 40
2 22 22
3 36 26
4 21 45
5 45 35
6 55 20
7 33 34
8 50 50
9 55 45
10 26 59
11 40 66
12 55 65
13 35 51
14 62 35
15 62 57
16 62 24
17 21 36
18 33 44
19 9 56
20 62 48
21 66 14
22 44 13
23 26 13
24 11 28
25 7 43
26 17 64
27 41 46
28 55 34
29 35 16
30 52 26
31 43 26
32 31 76
33 22 53
34 26 29
35 50 40
36 55 50
37 54 10
38 60 15
39 47 66
40 30 60
41 30 50
42 12 17
43 15 14
44 16 19
45 21 48
46 50 30
47 51 42
48 50 15
49 48 21
50 12 38
51 15 56
52 29 39
53 54 38
54 55 57
55 67 41
TRUCKS
0 36 8 14 30 46 31 
1 35 28 16 6 5 
2 3 29 37 38 21 
3 7 34 45 33 
4 49 22 48 9 15 
5 13 40 11 32 26 4 
6 52 17 19 51 41 
7 27 54 39 10 18 
8 47 53 55 20 12 
9 25 50 24 44 42 43 23 2 
VALUE
881.852
