P-n16-k8.vrp 450 540.97 451.947 451.335
P-n19-k2.vrp 212 470.649 374.567 212.657
P-n20-k2.vrp 216 384.769 295.156 217.416
P-n22-k2.vrp 216 350.636 264.388 217.852
P-n21-k2.vrp 211 350.622 288.92 212.712
P-n22-k8.vrp 603 947.748 637.835 601.424
P-n23-k8.vrp 529 698.122 694.86 637.378
P-n40-k5.vrp 458 1059.87 782.544 488.348
P-n45-k5.vrp 510 1161.76 825.495 557.679
P-n50-k7.vrp 554 1327.57 896.49 0
P-n50-k8.vrp 631 1176.49 962.019 0
P-n55-k7.vrp 568 1287.37 764.481 0
P-n55-k8.vrp 588 1428.96 992.253 0
P-n50-k10.vrp 696 1428.95 1167.84 0
P-n55-k10.vrp 694 1514.59 881.852 0
P-n55-k15.vrp 989 1806.51 1349.01 0
P-n60-k10.vrp 744 1686.71 1186.08 0
P-n60-k15.vrp 968 2028.15 1374 0
P-n65-k10.vrp 792 1894.42 1225.31 0
P-n70-k10.vrp 827 1976.67 1589.08 0
P-n101-k4.vrp 681 1868.15 1864.14 747.336
